  1 CXOU J132526.9-430052  17.5 13 25 27.0 -43 00 52.8  499  266.8 22.3 2.36E+37          
  2 CXOU J132529.1-430114  18.1 13 25 29.2 -43 01 14.6  219   78.8 14.8 7.17E+36 H{alpha} mrfa-45
  3 CXOU J132526.4-430054  19.1 13 25 26.5 -43 00 54.6 1905 1480.7 43.6 1.28E+38          
  4 CXOU J132526.7-430126  19.7 13 25 26.8 -43 01 26.1  523  267.1 22.9 2.29E+37          
  5 CXOU J132527.5-430128  19.8 13 25 27.5 -43 01 28.5  991  705.3 31.5 5.99E+37 GC       mrfa-053
  6 CXOU J132529.4-430108  20.2 13 25 29.5 -43 01 08.3  498  297.4 22.3 2.52E+37 GC       mrfa-044
  7 CXOU J132526.6-430129  23.3 13 25 26.6 -43 01 29.4  118   51.6 10.9 5.25E+36          
  8 CXOU J132525.7-430056  23.8 13 25 25.8 -43 00 56.1 1862 1578.1 43.2 1.35E+38 GC       mrfa-017
  9 CXOU J132525.2-430114  26.1 13 25 25.3 -43 01 14.3  105   61.7 10.2 6.03E+36          
 10 CXOU J132529.6-430122  26.4 13 25 29.7 -43 01 22.5   68   31.3  8.2 3.09E+36          
 11 CXOU J132525.5-430124  27.3 13 25 25.6 -43 01 24.2  259  110.3 16.1 9.66E+36          
 12 CXOU J132528.4-430137  30.6 13 25 28.5 -43 01 37.9   96   42.9  9.8 4.01E+36          
 13 CXOU J132525.1-430127  32.3 13 25 25.2 -43 01 27.1  741  565.7 27.2 4.90E+37 GC       mrfa-057
 14 CXOU J132524.7-430125  34.9 13 25 24.8 -43 01 25.0  263  181.6 16.2 1.66E+37          
 15 CXOU J132524.3-430110  35.8 13 25 24.4 -43 01 10.4  199  121.7 14.1 1.09E+37          
 16 CXOU J132527.0-430030  38.7 13 25 27.  -43 00 30.6  172  128.5 13.1 1.15E+37          
 17 CXOU J132530.8-430128  40.5 13 25 30.9 -43 01 28.4   67   37.4  8.2 3.54E+36          
 18 CXOU J132523.9-430059  41.5 13 25 23.9 -43 00 59.0  312  227.5 17.7 2.00E+37          
 19 CXOU J132531.4-430057  43.9 13 25 31.5 -43 00 57.2   38   21.6  6.2 2.05E+36          
 20 CXOU J132523.8-430127  45.2 13 25 23.9 -43 01 27.2   61   31.1  7.8 3.24E+36          
 21 CXOU J132524.4-430141  47.6 13 25 24.4 -43 01 41.2  252  168.2 15.9 1.51E+37 H{alpha} mrfa-60
 22 CXOU J132527.0-430159  50.9 13 25 27.1 -43 01 59.4  825  675.6 28.7 5.76E+37 H{alpha} mrfa-54
 23 CXOU J132527.2-430016  52.9 13 25 27.3 -43 00 16.0   35   21.2  5.9 2.23E+36          
 24 CXOU J132524.1-430145  53.0 13 25 24.2 -43 01 45.7   84   49.3  9.2 4.74E+36          
 25 CXOU J132523.3-430043  53.1 13 25 23.4 -43 00 43.6   79   48.2  8.9 4.61E+36          
 26 CXOU J132523.5-430138  53.9 13 25 23.5 -43 01 38.7  714  589.2 26.7 5.15E+37          
 27 CXOU J132522.9-430125  54.2 13 25 22.9 -43 01 25.1 1947 1780.  44.1 1.53E+38          
 28 CXOU J132523.0-430134  56.1 13 25 23.1 -43 01 34.9  226  157.3 15.  1.46E+37          
 29 CXOU J132532.4-430134  58.9 13 25 32.5 -43 01 34.3  869  768.3 29.5 6.41E+37          
 30 CXOU J132522.3-430122  59.1 13 25 22.4 -43 01 22.3   63   33.8  7.9 3.37E+36          
 31 CXOU J132533.0-430108  59.9 13 25 33.1 -43 01 08.0  264  213.4 16.2 1.80E+37          
 32 CXOU J132523.0-430145  61.9 13 25 23.1 -43 01 45.8  406  312.7 20.2 2.77E+37          
 33 CXOU J132526.9-430004  64.4 13 25 26.9 -43 00 04.9   25   18.5  5.0 4.84E+36          
 34 CXOU J132522.1-430132  65.0 13 25 22.1 -43 01 32.3   85   59.1  9.2 6.00E+36          
 35 CXOU J132533.3-430053  65.0 13 25 33.4 -43 00 53.1  507  427.8 22.5 3.64E+37 H{alpha} mrfa-06
 36 CXOU J132525.5-430210  65.5 13 25 25.6 -43 02 10.5   63   46.   7.9 4.54E+36 GC       mrfa-055
 37 CXOU J132527.4-430214  65.5 13 25 27.5 -43 02 14.3 1609 1496.2 40.1 1.27E+38          
 38 CXOU J132531.3-430203  68.2 13 25 31.4 -43 02 03.3   22   18.8  4.7 1.74E+37          
 39 CXOU J132527.6-430218  69.4 13 25 27.7 -43 02 18.2  288  227.8 17.  1.98E+37 FS       mrfa-51
 40 CXOU J132521.3-430046  72.1 13 25 21.4 -43 00 46.0   51   36.9  7.1 3.72E+36          
 41 CXOU J132522.8-430017  72.9 13 25 22.9 -43 00 17.6  363  331.7 19.1 3.02E+37          
 42 CXOU J132523.7-430009  73.0 13 25 23.7 -43 00 09.7 1835 1730.  42.8 1.50E+38 H{alpha} mrfa-21
 43 CXOU J132524.7-430002  73.2 13 25 24.8 -43 00 02.6  116   85.4 10.8 7.40E+36          
 44 CXOU J132524.2-425959  78.5 13 25 24.2 -42 59 59.7  573  521.5 23.9 4.55E+37 H{alpha} mrfa-19
 45 CXOU J132525.3-430223  78.8 13 25 25.3 -43 02 23.4  213  180.1 14.6 1.63E+37          
 46 CXOU J132521.7-430154  78.8 13 25 21.7 -43 01 54.2  191  137.5 13.8 1.22E+37          
 47 CXOU J132531.6-430003  78.9 13 25 31.6 -43 00 03.3 1023  962.6 32.  8.08E+37 GC       pff-gc-210
 48 CXOU J132528.7-425948  81.2 13 25 28.8 -42 59 48.6 1107 1034.7 33.3 8.67E+37          
 49 CXOU J132521.2-430154  83.9 13 25 21.2 -43 01 55.0  212  189.  14.6 1.78E+37          
 50 CXOU J132523.5-430220  84.4 13 25 23.6 -43 02 20.8  465  421.  21.6 3.73E+37          
 51 CXOU J132521.2-430158  85.5 13 25 21.3 -43 01 58.9  223  174.4 14.9 1.54E+37          
 52 CXOU J132521.5-430213  93.0 13 25 21.6 -43 02 13.8  146  124.7 12.1 1.15E+37          
 53 CXOU J132520.8-430010  94.3 13 25 20.8 -43 00 10.8   27   20.3  5.2 2.11E+36          
 54 CXOU J132532.0-430231  95.8 13 25 32.0 -43 02 31.5  535  490.7 23.1 4.17E+37 H{alpha} mrfa-40
 55 CXOU J132525.8-425933  97.4 13 25 25.8 -42 59 33.4   33   17.4  5.7 1.61E+36          
 56 CXOU J132530.3-425935  98.1 13 25 30.3 -42 59 35.2  136   89.8 11.7 7.58E+36 GC       pff-gc-209
 57 CXOU J132518.9-430136  98.7 13 25 19.0 -43 01 37.0   67   48.6  8.2 4.81E+36          
 58 CXOU J132529.0-425931  98.9 13 25 29.0 -42 59 31.1   95   59.8  9.7 5.10E+36          
 59 CXOU J132536.6-430057  99.5 13 25 36.6 -43 00 57.6  303  233.9 17.4 1.94E+37          
 60 CXOU J132518.5-430116  99.8 13 25 18.5 -43 01 16.3  578  523.1 24.  4.58E+37 GC       mrfa-074
 61 CXOU J132519.9-430203 100.4 13 25 19.9 -43 02 03.3   38   25.   6.2 2.69E+36          
 62 CXOU J132518.7-430141 102.7 13 25 18.7 -43 01 41.2   96   72.3  9.8 7.04E+36          
 63 CXOU J132519.2-430158 104.6 13 25 19.2 -43 01 58.4   61   45.1  7.8 5.07E+36          
 64 CXOU J132528.2-430253 105.0 13 25 28.2 -43 02 53.6  368  340.1 19.2 2.98E+37          
 65 CXOU J132537.4-430131 110.2 13 25 37.4 -43 01 31.8  109   81.5 10.4 6.81E+36 GC       mrfa-033
 66 CXOU J132526.7-430300 112.0 13 25 26.8 -43 03 00.4  188  159.4 13.7 1.40E+37          
 67 CXOU J132518.7-430205 113.2 13 25 18.7 -43 02 05.8   41   27.3  6.4 2.88E+36          
 68 CXOU J132522.2-430245 113.7 13 25 22.2 -43 02 45.8  126  116.9 11.2 1.09E+37 GC       pff-gc-121
 69 CXOU J132520.6-425942 115.5 13 25 20.7 -42 59 42.1   22   12.7  4.7 1.30E+36          
 70 CXOU J132530.4-425914 118.7 13 25 30.5 -42 59 14.3  496  435.8 22.3 3.68E+37          
 71 CXOU J132535.2-430234 119.4 13 25 35.2 -43 02 34.1  150  120.8 12.2 1.03E+37          
 72 CXOU J132517.8-430204 120.4 13 25 17.9 -43 02 04.4  209  181.6 14.5 2.10E+37          
 73 CXOU J132531.9-430302 123.1 13 25 31.9 -43 03 02.5   56   38.2  7.5 3.34E+36          
 74 CXOU J132527.8-425903 125.0 13 25 27.9 -42 59 03.9   43   26.5  6.6 2.35E+36          
 75 CXOU J132528.4-430315 126.9 13 25 28.4 -43 03 15.4  251  211.5 15.8 1.81E+37          
 76 CXOU J132535.5-425935 127.6 13 25 35.5 -42 59 35.3  609  549.  24.7 5.27E+37 GC       pff-gc-214
 77 CXOU J132538.3-430205 130.4 13 25 38.3 -43 02 05.8 2221 2158.8 47.1 1.78E+38          
 78 CXOU J132539.4-430058 130.6 13 25 39.5 -43 00 58.9   39   22.   6.2 1.99E+36          
 79 CXOU J132517.0-430007 131.1 13 25 17.1 -43 00 07.5   46   33.9  6.8 3.15E+36          
 80 CXOU J132533.3-425913 131.5 13 25 33.4 -42 59 13.6  101   78.  10.1 7.40E+36          
 81 CXOU J132515.7-430158 139.6 13 25 15.7 -43 01 58.2   58   44.7  7.6 7.11E+36          
 82 CXOU J132533.6-430313 141.2 13 25 33.7 -43 03 13.3  188  159.3 13.7 1.36E+37          
 83 CXOU J132514.8-430048 141.6 13 25 14.8 -43 00 48.7   42   21.3  6.5 1.94E+36          
 84 CXOU J132540.5-430115 142.1 13 25 40.6 -43 01 15.2  638  587.  25.3 5.02E+37          
 85 CXOU J132538.2-430230 142.3 13 25 38.3 -43 02 30.5   15    9.4  3.9 9.11E+35          
 86 CXOU J132523.6-430325 143.9 13 25 23.6 -43 03 25.9  256  221.8 16.  2.38E+37          
 87 CXOU J132533.9-425859 146.4 13 25 34.0 -42 58 59.9  558  514.4 23.6 4.59E+37 GC       pff-gc-159
 88 CXOU J132520.0-430310 147.1 13 25 20.1 -43 03 10.4  367  317.4 19.2 3.95E+37 GC       mrfa-071
 89 CXOU J132516.9-425938 147.9 13 25 16.9 -42 59 38.8   19   11.9  4.4 1.18E+36          
 90 CXOU J132532.4-425850 148.1 13 25 32.4 -42 58 50.5  206  180.8 14.4 1.80E+37 GC       pff-gc-178
 91 CXOU J132522.3-425852 148.2 13 25 22.4 -42 58 52.2   41   25.8  6.4 2.34E+36          
 92 CXOU J132541.0-430126 148.6 13 25 41.1 -43 01 26.8  607  574.2 24.6 4.95E+37          
 93 CXOU J132514.0-430121 149.6 13 25 14.0 -43 01 21.6   63   43.4  7.9 6.44E+36          
 94 CXOU J132541.0-430037 150.0 13 25 41.0 -43 00 37.7   49   25.6  7.  2.21E+36          
 95 CXOU J132516.8-425932 152.7 13 25 16.8 -42 59 32.4   34   24.3  5.8 2.29E+36          
 96 CXOU J132519.9-430317 153.5 13 25 19.9 -43 03 17.2 2263 2028.1 47.6 2.10E+38          
 97 CXOU J132524.9-430341 155.2 13 25 24.9 -43 03 41.2   33   22.8  5.7 2.46E+36          
 98 CXOU J132527.3-425829 159.2 13 25 27.3 -42 58 29.7   68   48.3  8.2 4.29E+36          
 99 CXOU J132541.9-430142 161.0 13 25 42.0 -43 01 42.3   32   21.7  5.7 1.98E+36          
100 CXOU J132512.9-430114 161.4 13 25 12.9 -43 01 14.7  589  527.1 24.3 7.40E+37 GC       mrfa-082
101 CXOU J132520.6-425846 162.2 13 25 20.6 -42 58 46.0  712  676.3 26.7 6.04E+37          
102 CXOU J132516.4-430255 162.5 13 25 16.4 -43 02 55.4  290  262.1 17.  3.19E+37          
103 CXOU J132538.6-425919 162.5 13 25 38.6 -42 59 20.0   99   70.5 10.  6.21E+36 GC       pff-gc-164
104 CXOU J132512.4-430049 167.4 13 25 12.5 -43 00 49.4   56   39.5  7.5 5.09E+36          
105 CXOU J132512.0-430044 172.7 13 25 12.0 -43 00 44.6  343  302.3 18.5 3.73E+37          
106 CXOU J132540.0-430255 173.2 13 25 40.1 -43 02 55.5   45   27.1  6.7 2.34E+36          
107 CXOU J132527.9-430402 173.7 13 25 28.0 -43 04 02.5  194  167.4 13.9 1.47E+37 GC       mrfa-050
108 CXOU J132540.4-430251 174.4 13 25 40.5 -43 02 51.8   38   26.7  6.2 2.37E+36 H{alpha} mrfa-30
109 CXOU J132540.8-430247 175.0 13 25 40.8 -43 02 47.1  267  234.5 16.3 1.97E+37          
110 CXOU J132514.0-430243 175.8 13 25 14.1 -43 02 43.2  141  118.9 11.9 1.29E+37 GC       mrfa-080
111 CXOU J132535.7-430340 176.5 13 25 35.8 -43 03 40.9   44   33.7  6.6 3.06E+36          
112 CXOU J132512.0-430010 180.6 13 25 12.0 -43 00 11.0  473  441.9 21.7 3.99E+37 FS       mrfa-85
113 CXOU J132529.4-425809 180.6 13 25 29.4 -42 58 09.3   28   18.   5.3 1.96E+36 GC       pff-gc-155
114 CXOU J132533.8-425821 180.8 13 25 33.9 -42 58 21.5   78   61.6  8.8 5.72E+36          
115 CXOU J132511.1-430132 182.7 13 25 11.1 -43 01 32.3   25   17.8  5.  2.54E+36          
116 CXOU J132542.7-425943 186.6 13 25 42.8 -42 59 43.9   28   17.3  5.3 1.60E+36          
117 CXOU J132528.3-430416 187.9 13 25 28.3 -43 04 16.5  113   95.9 10.6 8.55E+36          
118 CXOU J132511.5-430226 192.1 13 25 11.6 -43 02 26.6  184  161.9 13.6 1.74E+37          
119 CXOU J132514.5-425858 193.9 13 25 14.5 -42 58 58.7   22   13.7  4.7 1.37E+36          
120 CXOU J132517.7-430350 194.4 13 25 17.8 -43 03 50.6   43   29.9  6.6 3.45E+36          
121 CXOU J132545.6-430115 197.9 13 25 45.7 -43 01 15.9   79   43.1  8.9 3.62E+36 GAL      whh-317       *
122 CXOU J132524.9-430425 199.1 13 25 24.9 -43 04 25.7  151  132.9 12.3 1.58E+37          
123 CXOU J132512.1-425918 201.8 13 25 12.2 -42 59 18.8   34   25.3  5.8 2.57E+36          
124 CXOU J132529.3-425747 201.8 13 25 29.3 -42 57 47.8   48   23.8  6.9 2.18E+36 GC       whh-17
125 CXOU J132514.8-425840 204.1 13 25 14.8 -42 58 40.8   33   23.2  5.7 2.23E+36          
126 CXOU J132542.1-430319 206.0 13 25 42.1 -43 03 20.0   52   30.5  7.2 2.59E+36 GC       mrfa-026
127 CXOU J132538.2-425815 208.6 13 25 38.2 -42 58 15.8  131  107.  11.4 9.14E+36 GC       mrfa-003
128 CXOU J132532.8-430429 208.8 13 25 32.9 -43 04 29.4  173  146.6 13.2 1.30E+37          
129 CXOU J132546.4-430036 209.2 13 25 46.5 -43 00 36.7   54   31.1  7.3 2.82E+36          
130 CXOU J132519.0-425759 211.5 13 25 19.1 -42 57 59.3   55   42.9  7.4 4.28E+36          
131 CXOU J132524.4-425735 216.1 13 25 24.4 -42 57 35.6   12    7.1  3.5 2.08E+36          
132 CXOU J132513.1-425841 216.5 13 25 13.2 -42 58 41.2   23   17.2  4.8 1.93E+36          
133 CXOU J13257.82-430059 217.3 13 25 07.8 -43 00 59.8   24   15.9  4.9 2.06E+36          
134 CXOU J132532.3-430441 218.7 13 25 32.3 -43 04 41.3   49   34.3  7.0 3.27E+36          
135 CXOU J132507.6-430115 219.1 13 25 07.7 -43 01 15.5 2028 1873.  45.0 1.90E+38 GC       whh-8
136 CXOU J132516.0-430411 222.1 13 25 16.0 -43 04 11.1   31   17.2  5.6 2.14E+36          
137 CXOU J132547.6-430030 223.0 13 25 47.7 -43 00 30.7   89   45.   9.4 4.18E+36          
138 CXOU J132543.2-425837 228.5 13 25 43.2 -42 58 37.6  152  120.9 12.3 1.04E+37 GC       pff-gc-062
139 CXOU J132509.3-425917 229.0 13 25 09.4 -42 59 17.6   78   45.4  8.8 4.13E+36          
140 CXOU J132521.8-430451 231.3 13 25 21.8 -43 04 51.2  120   70.1 11.  7.33E+36          
141 CXOU J132512.0-425830 233.2 13 25 12.0 -42 58 30.7   63   33.6  7.9 3.02E+36          
142 CXOU J132512.3-425824 234.6 13 25 12.3 -42 58 24.5   82   56.4  9.1 5.12E+36          
143 CXOU J132547.1-430243 234.7 13 25 47.2 -43 02 43.6  181  151.7 13.5 1.32E+37          
144 CXOU J132514.8-430418 235.4 13 25 14.8 -43 04 18.0   89   35.8  9.4 3.89E+36          
145 CXOU J132538.8-430432 237.9 13 25 38.9 -43 04 32.1   32   17.5  5.7 1.63E+36          
146 CXOU J132522.3-425717 238.4 13 25 22.4 -42 57 17.4  914  845.7 30.2 7.37E+37 GC       mrfa-208      *
147 CXOU J132546.3-430310 239.1 13 25 46.4 -43 03 10.8  406  356.8 20.1 3.35E+37 FS       mrfa-93
148 CXOU J132509.2-425859 239.7 13 25 09.2 -42 58 59.5  682  594.  26.1 5.21E+37 GC       mrfa-215      *
149 CXOU J132506.3-430221 244.4 13 25 06.3 -43 02 21.2  974  818.5 31.2 8.26E+37          
150 CXOU J132515.8-425739 245.6 13 25 15.8 -42 57 39.9  141  106.5 11.9 9.78E+36          
151 CXOU J132505.0-430133 248.9 13 25 05.0 -43 01 33.5  292  239.9 17.1 2.51E+37          
152 CXOU J132534.2-425709 249.9 13 25 34.3 -42 57 09.7   47   25.2  6.9 2.46E+36          
153 CXOU J132547.6-425903 252.6 13 25 47.6 -42 59 03.8   56   36.4  7.5 3.31E+36          
154 CXOU J132529.2-430521 253.4 13 25 29.2 -43 05 21.5   32   19.4  5.7 3.10E+36          
155 CXOU J132548.5-430258 254.6 13 25 48.6 -43 02 58.4   33   18.8  5.7 2.02E+36          
156 CXOU J132527.5-430525 256.5 13 25 27.6 -43 05 25.3   55   37.2  7.4 4.92E+36          
157 CXOU J132538.5-425720 258.0 13 25 38.6 -42 57 20.5  102   57.5 10.1 5.36E+36          
158 CXOU J132518.8-425708 258.7 13 25 18.9 -42 57 08.5   91   61.5  9.5 6.02E+36          
159 CXOU J132523.5-425651 260.7 13 25 23.5 -42 56 52.0  204  170.4 14.3 1.78E+37          
160 CXOU J132504.4-430008 261.5 13 25 04.4 -43 00 08.2   94   69.8  9.7 7.71E+36          
161 CXOU J132545.5-425815 261.7 13 25 45.5 -42 58 15.9  242  179.5 15.6 1.73E+37          
162 CXOU J132533.6-430525 265.1 13 25 33.7 -43 05 25.4   86   63.8  9.3 8.22E+36 FS       HD 116647 fs
163 CXOU J132548.5-430322 265.6 13 25 48.5 -43 03 22.8   56   41.8  7.5 5.83E+36          
164 CXOU J132539.8-430501 268.9 13 25 39.8 -43 05 01.9  100   86.8 10.  2.20E+37 GC       pff-gc-111
165 CXOU J132547.2-425825 270.0 13 25 47.2 -42 58 25.6  179  139.7 13.4 1.22E+37          
166 CXOU J132538.0-430513 270.4 13 25 38.1 -43 05 13.6   98   82.2  9.9 2.00E+37          
167 CXOU J132526.1-425636 272.5 13 25 26.2 -42 56 36.7  184  139.6 13.6 1.25E+37          
168 CXOU J132549.4-425858 273.2 13 25 49.5 -42 58 58.4   34   16.6  5.8 1.62E+36          
169 CXOU J132535.2-430529 273.3 13 25 35.2 -43 05 29.0   18   14.2  4.2 4.67E+36 GC       whh-22 
170 CXOU J132527.5-430549 281.1 13 25 27.6 -43 05 49.9   59   35.1  7.7 4.60E+36          
171 CXOU J132503.5-425928 282.5 13 25 03.5 -42 59 28.8   29   17.2  5.4 2.36E+36          
172 CXOU J132539.1-425654 284.3 13 25 39.1 -42 56 54.0  352  297.3 18.8 2.67E+37          
173 CXOU J132507.4-430409 285.5 13 25 07.5 -43 04 09.3 6878 6474.7 82.9 6.69E+38 FS       Kraft
174 CXOU J132553.5-430134 285.7 13 25 53.6 -43 01 34.9   73   44.4  8.5 3.95E+36          
175 CXOU J132546.7-425752 287.1 13 25 46.7 -42 57 52.6   90   40.5  9.5 3.51E+36          
176 CXOU J132502.7-430243 289.0 13 25 02.7 -43 02 43.5 2412 2257.9 49.1 2.45E+38          
177 CXOU J132532.7-425624 290.1 13 25 32.8 -42 56 24.2  165  115.8 12.8 1.01E+37 GC       pff-gc-056
178 CXOU J132512.0-425713 291.2 13 25 12.0 -42 57 13.3   29   21.9  5.4 9.13E+36          
179 CXOU J132555.1-430119 301.8 13 25 55.1 -43 01 19.2  198  153.7 14.1 1.31E+37          
180 CXOU J132538.4-425630 302.2 13 25 38.4 -42 56 30.8  150  100.3 12.2 8.94E+36          
181 CXOU J132520.2-425615 304.3 13 25 20.3 -42 56 15.4   42   32.2  6.5 1.02E+37          
182 CXOU J132552.2-425830 312.9 13 25 52.2 -42 58 30.7   71   21.6  8.4 1.86E+36 GC       pff-gc-072
183 CXOU J132554.6-425925 313.4 13 25 54.6 -42 59 25.8 1500 1311.5 38.7 1.10E+38 GC       pff-gc-131
184 CXOU J132549.7-430430 315.7 13 25 49.8 -43 04 30.3   26   18.5  5.1 5.02E+36          
185 CXOU J132556.8-430044 321.8 13 25 56.9 -43 00 44.8  319  244.3 17.9 2.07E+37          
186 CXOU J132546.5-425703 321.8 13 25 46.6 -42 57 03.4  638  487.2 25.3 4.56E+37 GC       pff-gc-168
187 CXOU J132549.1-430447 321.9 13 25 49.2 -43 04 47.3   60   37.2  7.7 8.91E+36          
188 CXOU J132508.2-430511 322.2 13 25 08.3 -43 05 11.3  364  189.8 19.1 2.11E+37          
189 CXOU J132509.5-430529 327.5 13 25 09.6 -43 05 29.6  538  418.6 23.2 4.66E+37          
190 CXOU J132534.4-425549 327.6 13 25 34.5 -42 55 49.8  239  164.9 15.5 1.48E+37          
191 CXOU J132518.5-425547 336.0 13 25 18.6 -42 55 47.8   10    6.4  3.2 3.11E+36          
192 CXOU J132553.4-425806 336.9 13 25 53.4 -42 58 06.5  106   40.4 10.3 3.50E+36          
193 CXOU J132512.8-430606 338.8 13 25 12.9 -43 06 06.6   43   25.1  6.6 3.07E+36          
194 CXOU J132547.3-425647 339.5 13 25 47.4 -42 56 47.4  144   70.8 12.  6.87E+36          
195 CXOU J132539.4-425546 347.6 13 25 39.4 -42 55 46.3   94   38.9  9.7 3.44E+36          
196 CXOU J132543.9-430610 350.1 13 25 43.9 -43 06 10.0  146  132.4 12.1 5.91E+37          
197 CXOU J132507.7-425630 353.6 13 25 07.7 -42 56 30.5   70   56.3  8.4 2.80E+37 GC       mrfa-216      *
198 CXOU J132510.1-425608 356.5 13 25 10.2 -42 56 08.0   39   30.2  6.2 1.61E+37          
199 CXOU J132545.2-425604 360.4 13 25 45.2 -42 56 04.5   95   31.   9.7 2.90E+36          
200 CXOU J132456.1-430258 362.3 13 24 56.1 -43 02 59.0  144   80.9 12.  1.09E+37          
201 CXOU J132557.2-425822 364.8 13 25 57.2 -42 58 22.3  414  291.8 20.3 3.12E+37          
202 CXOU J132510.6-430624 366.3 13 25 10.7 -43 06 24.5  398  299.5 20.  3.28E+37          
203 CXOU J132522.7-425502 370.6 13 25 22.7 -42 55 02.1  109   92.  10.4 4.22E+37          
204 CXOU J132601.4-430043 372.3 13 26 01.5 -43 00 43.5  109   37.9 10.4 3.32E+36          
205 CXOU J132554.6-425720 374.0 13 25 54.6 -42 57 20.8   38   16.1  6.2 2.15E+36          
206 CXOU J132531.4-430720 374.2 13 25 31.4 -43 07 20.7   33   26.6  5.7 1.24E+37          
207 CXOU J132529.1-425447 381.9 13 25 29.2 -42 54 47.3   22   15.5  4.7 6.89E+36          
208 CXOU J132545.2-425530 389.6 13 25 45.2 -42 55 30.6   96   36.9  9.8 3.92E+36          
209 CXOU J132552.6-430545 389.6 13 25 52.6 -43 05 45.5   45   38.1  6.7 1.79E+37 GC       pff-gc-129
210 CXOU J132503.1-425625 390.5 13 25 03.1 -42 56 25.5   43   29.   6.6 1.43E+37 GC       pff-gc-157
211 CXOU J132557.2-430450 393.1 13 25 57.2 -43 04 50.5   68   44.2  8.2 1.05E+37          
212 CXOU J132558.6-430430 395.6 13 25 58.7 -43 04 30.4 1259 1180.4 35.5 2.69E+38          
213 CXOU J132510.0-430655 396.1 13 25 10.1 -43 06 55.1  137   90.2 11.7 1.22E+37          
214 CXOU J132529.0-430744 396.2 13 25 29.0 -43 07 44.7   23   16.5  4.8 7.34E+36          
215 CXOU J132549.6-430624 397.9 13 25 49.7 -43 06 24.7   18   10.5  4.2 4.58E+36          
216 CXOU J132510.2-425510 405.4 13 25 10.3 -42 55 10.8   80   65.   8.9 3.34E+37          
217 CXOU J132513.9-430725 405.7 13 25 14.  -43 07 25.9  222  168.2 14.9 2.72E+37          
218 CXOU J132548.7-425530 409.8 13 25 48.8 -42 55 31.0   76   47.7  8.7 1.05E+37          
219 CXOU J132557.8-425702 413.6 13 25 57.9 -42 57 02.5  393  296.1 19.8 4.21E+37          
220 CXOU J132521.2-425413 420.9 13 25 21.3 -42 54 13.7  113   98.8 10.6 4.82E+37          
221 CXOU J132606.3-430112 424.8 13 26 06.4 -43 01 12.3   35   19.7  5.9 5.82E+36          
222 CXOU J132545.4-425451 424.9 13 25 45.4 -42 54 51.4  119   80.3 10.9 1.69E+37          
223 CXOU J132533.2-430810 426.3 13 25 33.2 -43 08 10.6   38   28.1  6.2 1.25E+37          
224 CXOU J132522.7-430822 436.7 13 25 22.7 -43 08 22.2   20   13.3  4.5 6.24E+36          
225 CXOU J132501.0-430643 443.8 13 25 01.1 -43 06 43.8  971  853.  31.2 1.16E+38          
226 CXOU J132511.1-430755 445.1 13 25 11.2 -43 07 55.9  144  101.4 12.  1.48E+37          
227 CXOU J132506.8-430736 449.7 13 25 06.8 -43 07 36.5   86   43.1  9.3 6.10E+36          
228 CXOU J132601.2-430528 450.3 13 26 01.2 -43 05 28.0  949  919.9 30.8 4.14E+38          
229 CXOU J132544.1-430804 453.4 13 25 44.1 -43 08 04.5  146  135.7 12.1 6.92E+37          
230 CXOU J132540.4-430820 453.7 13 25 40.5 -43 08 20.1   18   11.   4.2 5.37E+36          
231 CXOU J132550.3-425441 460.3 13 25 50.3 -42 54 41.9   82   34.4  9.1 4.82E+36          
232 CXOU J132459.0-430648 462.6 13 24 59.0 -43 06 48.9   74   34.9  8.6 4.96E+36          
233 CXOU J132450.4-430452 464.9 13 24 50.4 -43 04 52.3  106   55.9 10.3 7.67E+36          
234 CXOU J132557.5-425531 470.6 13 25 57.5 -42 55 31.5   73   38.2  8.5 5.28E+36          
235 CXOU J132504.0-425431 474.2 13 25 04.  -42 54 31.5  107   44.1 10.3 6.57E+36          
236 CXOU J132609.9-430310 479.6 13 26 09.9 -43 03 10.5   32   17.3  5.7 4.32E+36          
237 CXOU J132557.5-430659 479.6 13 25 57.5 -43 06 59.2   23   16.7  4.8 8.07E+36          
238 CXOU J132513.9-425331 481.3 13 25 13.9 -42 53 31.5  344  283.6 18.5 4.18E+37          
239 CXOU J132548.1-430817 483.9 13 25 48.1 -43 08 17.2   43   29.7  6.6 1.35E+37          
240 CXOU J132511.3-430843 488.6 13 25 11.3 -43 08 43.5   51   34.2  7.1 1.11E+37          
241 CXOU J132542.0-425323 491.9 13 25 42.0 -42 53 23.1   26   16.6  5.1 8.55E+36          
242 CXOU J132510.3-425333 493.4 13 25 10.4 -42 53 33.2  415  334.4 20.4 4.92E+37          
243 CXOU J132611.8-430242 494.0 13 26 11.9 -43 02 42.9  280  247.  16.7 6.45E+37          
244 CXOU J132535.1-425301 494.1 13 25 35.2 -42 53 01.7  246  233.2 15.7 1.04E+38          
245 CXOU J132546.7-425340 495.2 13 25 46.7 -42 53 40.1  209  118.5 14.5 1.64E+37          
246 CXOU J132502.9-425413 496.3 13 25 02.9 -42 54 13.2  307  211.7 17.5 3.10E+37          
247 CXOU J132605.5-425632 499.4 13 26 05.5 -42 56 32.5  191  132.7 13.8 1.89E+37 GC       pff-gc-122
248 CXOU J132555.4-430745 500.7 13 25 55.5 -43 07 45.8   29   20.6  5.4 9.29E+36          
249 CXOU J132614.1-430208 513.4 13 26 14.1 -43 02 08.6   73   55.6  8.5 2.84E+37          
250 CXOU J132511.0-425257 523.7 13 25 11.0 -42 52 57.8   50   26.5  7.1 4.44E+36          
251 CXOU J132527.3-430953 524.3 13 25 27.3 -43 09 53.1   61   48.   7.8 2.21E+37          
252 CXOU J132458.9-430831 542.7 13 24 58.9 -43 08 31.3  167   86.8 12.9 1.33E+37          
253 CXOU J132456.7-430813 543.0 13 24 56.8 -43 08 13.7  798  594.6 28.3 8.36E+37          
254 CXOU J132539.2-430957 543.6 13 25 39.2 -43 09 57.3   38   24.9  6.2 1.15E+37          
255 CXOU J132615.9-425846 548.4 13 26 15.9 -42 58 46.8  530  392.4 23.  4.70E+37          
256 CXOU J132546.4-430937 549.4 13 25 46.5 -43 09 38.0  119  102.7 10.9 4.67E+37          
257 CXOU J132450.4-430722 553.0 13 24 50.5 -43 07 22.9  271  151.4 16.5 2.17E+37          
258 CXOU J132557.4-425342 553.8 13 25 57.5 -42 53 42.2  282  136.4 16.8 1.52E+37 FS       GF Blue 1
259 CXOU J132525.9-425152 556.4 13 25 26.0 -42 51 52.7  160   96.2 12.7 1.44E+37          
260 CXOU J132549.3-425241 560.6 13 25 49.3 -42 52 41.4  897  757.4 30.  1.55E+38          
261 CXOU J132503.1-430924 563.6 13 25 03.1 -43 09 24.3  163   85.2 12.8 1.28E+37          
262 CXOU J132510.9-425214 564.4 13 25 11.0 -42 52 14.8  109   56.3 10.4 9.01E+36          
263 CXOU J132534.0-431030 565.8 13 25 34.0 -43 10 30.2   46   34.5  6.8 1.61E+37          
264 CXOU J132613.0-425632 569.9 13 26 13.1 -42 56 32.9  142   68.8 11.9 7.77E+36          
265 CXOU J132620.4-425947 585.6 13 26 20.5 -42 59 47.2  142   78.6 11.9 1.94E+37          
266 CXOU J132619.7-430318 586.0 13 26 19.7 -43 03 18.8   75   52.7  8.7 2.60E+37          
267 CXOU J132454.4-425326 588.5 13 24 54.4 -42 53 26.8   65   35.2  8.1 7.91E+36          
268 CXOU J132541.7-425137 592.0 13 25 41.7 -42 51 37.3   24   18.   4.9 8.28E+36          
269 CXOU J132541.9-431041 593.6 13 25 41.9 -43 10 41.4  642  610.1 25.3 2.86E+38 GC       pff-gc-188
270 CXOU J132544.2-425141 595.8 13 25 44.3 -42 51 41.7   18   12.9  4.2 5.96E+36          
271 CXOU J132548.4-425156 597.4 13 25 48.5 -42 51 56.9   25   20.8  5.  9.54E+36          
272 CXOU J132531.0-431105 597.7 13 25 31.0 -43 11 05.3  152  139.1 12.3 7.25E+37 GAL      pff-qso-6
